Verze dat;Od;Do;Agregační funkce;Agregace;Typ výrobního zařízení;
reálná data;12.07.2020 00:00:00;12.07.2020 23:59:59;agregace suma;15 minut;Vše;
Datum;PE [MW];PPE [MW];JE [MW];VE [MW];PVE [MW];AE [MW];ZE [MW];VTE [MW];FVE [MW];
12.07.2020 00:00;2137.4;1064;3048.3;195.8;3.5;209.8;0;18.8;0;
12.07.2020 00:15;2028.8;1121.4;3048.3;194.4;0;209.9;0;17.5;0;
12.07.2020 00:30;2020.9;1101.5;3048.3;194.4;0;209.1;0;18.4;0;
12.07.2020 00:45;1973.8;1069.7;3047.3;193.8;0;204.8;0;19.9;0;
12.07.2020 01:00;1993.1;1099.8;3044.6;130.1;0;202.8;0;21.8;0;
12.07.2020 01:15;1958.5;1099.8;3045;128.8;0;205.7;0;21.8;0;
12.07.2020 01:30;1934.3;1090.6;3047.8;128.8;0;208.6;0;22.5;0;
12.07.2020 01:45;1906.1;1081.8;3047.8;128.8;0;207.5;0;22.3;0;
12.07.2020 02:00;1914.1;1049.3;3047.8;128.8;0;204.2;0;22.3;0;
12.07.2020 02:15;1858.1;1054.9;3049.8;128.8;0;201.2;0;22;0;
12.07.2020 02:30;1852.5;1054.6;3050.8;128.8;0;201.9;0;22.7;0;
12.07.2020 02:45;1894.7;1052.5;3050.8;128.8;0;207.5;0;23.4;0;
12.07.2020 03:00;1964.6;987.1;3051.2;128.8;0;207.5;0;26.2;0;
12.07.2020 03:15;1972.9;812.3;3053.8;128.8;0;205.5;0;29.3;0;
12.07.2020 03:30;1988.4;749.7;3053.8;128.8;0;207.4;0;27.2;0;
12.07.2020 03:45;1980.2;719.6;3050.8;128.8;0;207.7;0;27.1;0;
12.07.2020 04:00;1952;734.3;3050.3;128.8;0;205.8;0;28.1;4.1;
12.07.2020 04:15;1932.4;738.2;3050.3;128.8;0;203.4;0;29.8;7.7;
12.07.2020 04:30;1912.6;732.8;3050.3;128.8;0;205.1;0;34.2;7.7;
12.07.2020 04:45;1900.6;727.3;3050.3;128.8;0;206.8;0;37.3;7.7;
12.07.2020 05:00;1906.2;742.9;3051.1;121.4;0;205.1;0;37;7.7;
12.07.2020 05:15;1897.3;745.4;3054.2;120.9;0;206.1;0;35;8.2;
12.07.2020 05:30;1867.8;742;3054.2;120.9;0;206.5;0;32.6;16.4;
12.07.2020 05:45;1871.6;744.2;3054.6;120.9;0;207.3;0;31.8;31.3;
12.07.2020 06:00;1900;720.3;3057.3;127.5;0;216.6;0;29.1;46.4;
12.07.2020 06:15;1889;718.1;3056.4;127.5;0;221.9;0;25.6;68.4;
12.07.2020 06:30;1917.2;722.6;3055.4;127.5;0;223.6;0;22.7;100.5;
12.07.2020 06:45;1930.1;726.1;3054;127.5;0;224.6;0;19.8;145.8;
12.07.2020 07:00;1936.6;721.1;3053.4;139.3;0;226;0;16.9;204.4;
12.07.2020 07:15;1943.9;720.4;3050.6;139.3;0;227.5;0;16.2;278.6;
12.07.2020 07:30;1947.5;722.4;3049.7;139.3;0;230.7;0;12.8;362.1;
12.07.2020 07:45;1949.8;718.6;3049.7;139.3;0;231.1;0;10.7;448.1;
12.07.2020 08:00;1914.7;702.6;3049.5;133.1;0;235;0;8.1;539.9;
12.07.2020 08:15;1900.1;699.1;3046.5;133.1;0;231.5;0;7.7;634.3;
12.07.2020 08:30;1922.1;707.2;3046.5;133.1;0;230.2;0;7.5;732.5;
12.07.2020 08:45;1930;705.2;3043.4;133.1;0;228.9;0;8.1;832.2;
12.07.2020 09:00;1907;704.9;3039.4;133.1;0;224.9;0;8.5;923.2;
12.07.2020 09:15;1838.6;689.8;3039.2;133.1;0;225;0;10.4;999;
12.07.2020 09:30;1861.3;698.5;3039.2;133.1;0;224.6;0;12.2;1057.8;
12.07.2020 09:45;1898;707.4;3037.4;133.1;0;224.9;0;14.2;1091.9;
12.07.2020 10:00;1886.4;701.6;3035.8;133.1;0;217.4;0;13.8;1098.8;
12.07.2020 10:15;1912.6;706.6;3035.8;133.1;0;218.1;0;13.7;1082.5;
12.07.2020 10:30;1946.4;713.2;3035.8;133.1;0;216.6;0;20.2;1095.4;
12.07.2020 10:45;1962;713.2;3035.8;133.1;0;217.1;0;21.2;1083.8;
12.07.2020 11:00;1934.2;709.9;3035.8;147.8;0;212.7;0;27.2;1054.1;
12.07.2020 11:15;1934;712.1;3035.8;151.5;0;214.1;0;24.8;1066.4;
12.07.2020 11:30;1935.9;712.1;3035.8;151.5;0;218.4;0;29.3;1062.6;
12.07.2020 11:45;1919.3;705.6;3035.8;151.5;0;219.7;0;29.7;1044.9;
12.07.2020 12:00;1925.1;700;3035.6;151.5;0;217.3;0;25.3;1005.5;
12.07.2020 12:15;1851.6;680.7;3032.7;151.5;0;216.3;0;28;1045.1;
12.07.2020 12:30;1824.4;674.3;3032;151.5;0;211.3;0;25.4;1069.3;
12.07.2020 12:45;1837.2;677;3032.3;151.1;0;212.6;0;24.4;1095.1;
12.07.2020 13:00;1937.7;689.5;3032.3;123.9;0;211.5;0;33.3;1048.2;
12.07.2020 13:15;1908.1;678.9;3032.3;123;0;210.8;0;29.5;1012.5;
12.07.2020 13:30;1903;671.5;3032.3;123;0;210.8;0;34.4;984;
12.07.2020 13:45;1936.8;676.5;3032.3;123;0;207.9;0;34.7;950;
12.07.2020 14:00;1987.2;685.8;3032.3;123;0;209.2;0;26.8;993.5;
12.07.2020 14:15;1973.5;683;3032.3;123;0;210.4;0;30.8;980.4;
12.07.2020 14:30;1941.6;673.1;3030.2;123;0;211.1;0;30.2;955.1;
12.07.2020 14:45;1964.2;680.3;3028.8;123;0;211.4;0;28.1;864.9;
12.07.2020 15:00;1979;688.1;3026.9;123;0;207.8;0;31.1;838.8;
12.07.2020 15:15;1982.8;693.5;3025.2;123;0;208.2;0;31.9;816.1;
12.07.2020 15:30;1956.2;687.6;3025.2;123;0;208.5;0;29.5;838.5;
12.07.2020 15:45;1974.6;689.6;3025.2;123;0;209.3;0;32;807.1;
12.07.2020 16:00;1985.5;695;3025.2;150.8;0;207.3;0;33;703.1;
12.07.2020 16:15;2004.8;690.8;3022;153.7;0;208.7;0;29.9;679.9;
12.07.2020 16:30;1872.8;647.3;3021.7;153.7;0;211.9;0;27.2;639.8;
12.07.2020 16:45;1889.2;652.3;3022.5;154.5;0;213.7;0;25.7;584.5;
12.07.2020 17:00;2034.7;700.9;3024.6;214.2;0;219.1;0;27.5;540.7;
12.07.2020 17:15;2070.9;735;3021.7;223.9;0;216.4;0;30.1;508.8;
12.07.2020 17:30;2113.3;772.5;3022.5;222.3;0;211.9;0;27.9;461.2;
12.07.2020 17:45;2175.3;786.8;3025.6;225;0;213.1;0;23.4;434.3;
12.07.2020 18:00;2111.9;894;3025.6;227.4;0;213.6;0;29.3;396.9;
12.07.2020 18:15;2174;924.7;3025.6;237.7;0;213.7;0;28;321.5;
12.07.2020 18:30;2230;932.7;3025.6;241.5;0;217;0;20.7;256.3;
12.07.2020 18:45;2277.3;981.6;3025.6;241.5;0;219.8;0;18.2;203.8;
12.07.2020 19:00;2334.1;1085.5;3025.6;274;0;226.4;0;20.3;152.6;
12.07.2020 19:15;2395.6;1085.2;3024;277.3;0;227.2;0;20.5;113.7;
12.07.2020 19:30;2438.3;1100.7;3022.6;277.3;0;224.8;0;20;84.8;
12.07.2020 19:45;2482.6;1111.2;3025.6;277.3;0;222.3;0;18.3;64.7;
12.07.2020 20:00;2502.5;1103.1;3022.9;273.6;555.8;223.3;0;18;47.8;
12.07.2020 20:15;2457.1;1104.1;3022.9;271.6;635.7;226.7;0;18.8;31;
12.07.2020 20:30;2453.9;1106.6;3022.9;271.6;658.9;226.8;0;18.4;19.6;
12.07.2020 20:45;2454.9;1108;3025.3;271.6;608;227.4;0;18.1;12.2;
12.07.2020 21:00;2469.3;1108;3026.5;208.3;716.4;222.3;0;19.1;8.7;
12.07.2020 21:15;2480;1108;3029;206.3;705.3;220.8;0;20.2;8.7;
12.07.2020 21:30;2492;1108;3030.3;206.3;715.4;222.4;0;21.4;8.7;
12.07.2020 21:45;2501.8;1109.5;3030.3;206.3;733.1;221;0;22.3;8.7;
12.07.2020 22:00;2522.7;1124.8;3033.3;214.6;850.7;210.2;0;22.4;0.6;
12.07.2020 22:15;2508;1125.1;3033.3;215.7;949.2;211.4;0;20.3;0;
12.07.2020 22:30;2513.5;1123;3033.3;215.7;949.2;210.1;0;18.9;0;
12.07.2020 22:45;2463.6;1101.7;3036.5;213.7;927.9;211.4;0;14.9;0;
12.07.2020 23:00;2484.1;1075.6;3037.5;197.9;232.1;207.3;0;14.1;0;
12.07.2020 23:15;2498.7;1121.6;3040.8;195.8;96.4;205.4;0;12.7;0;
12.07.2020 23:30;2492.4;1109.1;3041.8;195.8;0;205.2;0;11.9;0;
12.07.2020 23:45;2362.6;1076.7;3044.7;195.8;0;201.3;0;11.6;0;
