Datum;PE [MW];PPE [MW];JE [MW];VE [MW];PVE [MW];AE [MW];ZE [MW];VTE [MW];FVE [MW];
03.07.2020 00:00;2687.1;943.2;3007.1;466.2;0;196.5;0;49.2;0;
03.07.2020 00:15;2596.5;948.5;3007.1;466.9;0;196.1;0;41.4;0;
03.07.2020 00:30;2577.9;954.6;3008.5;463.8;84.3;195.5;0;42.6;0;
03.07.2020 00:45;2571.5;939.6;3010.1;461.7;97;195.9;0;35.8;0;
03.07.2020 01:00;2621.4;973.8;3006.1;307.8;0;195.2;0;35.6;0;
03.07.2020 01:15;2592.8;992;3005.4;304.1;0;194.9;0;46.6;0;
03.07.2020 01:30;2575.4;1001.4;3005.4;304.1;0;194.4;0;58.5;0;
03.07.2020 01:45;2500.8;978.1;3009.3;302.9;0;195.5;0;65;0;
03.07.2020 02:00;2592.6;996.8;3012.2;205.2;0;194.4;0;65.5;0;
03.07.2020 02:15;2597.1;1009;3012.2;203.3;0;194.9;0;73.2;0;
03.07.2020 02:30;2598.3;1009;3012.2;203.3;0;194.4;0;76.7;0;
03.07.2020 02:45;2599.5;1007.8;3012.2;203.3;0;194.4;0;83.2;0;
03.07.2020 03:00;2678.7;1024.3;3011.8;203.3;0;194.1;0;83;0;
03.07.2020 03:15;2613.5;1019;3012.5;203.3;0;194.4;0;86.9;0;
03.07.2020 03:30;2574.5;1008.5;3012.5;203.3;0;194.3;0;80.6;0;
03.07.2020 03:45;2577.3;1006.2;3012.5;203.3;0;195.3;0;80.9;0.6;
03.07.2020 04:00;2562.1;1007.1;3012.5;203.3;0;194.1;0;85.7;4.4;
03.07.2020 04:15;2557.1;1007.7;3011.2;203.3;0;194.8;0;76.6;4.4;
03.07.2020 04:30;2560.5;1010;3010.7;203.3;0;195.4;0;82.8;4.4;
03.07.2020 04:45;2550.7;1009.5;3012.5;203.3;0;195.5;0;89.8;4.4;
03.07.2020 05:00;2534.5;1001.1;3014.7;220.5;0;194.8;0;90.6;4.4;
03.07.2020 05:15;2524.2;997;3015.4;222;0;195.9;0;96.6;7.5;
03.07.2020 05:30;2531;1001.4;3014.4;222;0;195.8;0;96.3;15;
03.07.2020 05:45;2580.1;1014.2;3016;224.8;0;196.4;0;95.2;29.1;
03.07.2020 06:00;2496.8;1036.6;3015.8;424.5;0;209.8;0;93.6;43.9;
03.07.2020 06:15;2550.3;1075.3;3013.6;453.1;0;212.5;0;89.7;58.7;
03.07.2020 06:30;2648.4;1109;3012.7;455.4;0;211.6;0;86.3;75.1;
03.07.2020 06:45;2688.5;1118.2;3012.7;460.5;1.7;212.7;0;87.1;93.6;
03.07.2020 07:00;2684.8;1108.2;3012.7;658.7;220.3;220.1;0;81.1;114.4;
03.07.2020 07:15;2690.7;1101.3;3012.7;673.9;270.6;226.6;0;72.6;139.1;
03.07.2020 07:30;2695.6;1105;3012.7;673.9;284.8;227.9;0;69.8;161.7;
03.07.2020 07:45;2703.7;1108;3012.7;673.9;310.9;228.5;0;67.9;191.7;
03.07.2020 08:00;2733.8;1105.8;3012.7;664.9;272.7;232.7;0;69.2;227.4;
03.07.2020 08:15;2732.7;1107.1;3015.9;664.7;303;237.2;0;65.1;259.1;
03.07.2020 08:30;2707.2;1102.5;3015.9;664.7;315.9;238.9;0;64;289.2;
03.07.2020 08:45;2724.9;1102.5;3015.9;664.7;312.5;238.3;0;59.7;338.9;
03.07.2020 09:00;2791.8;1113.6;3015.9;546;306.4;230;0;52.9;388.6;
03.07.2020 09:15;2760.6;1104.6;3015.9;543.8;306.9;232.1;0;54.3;447.8;
03.07.2020 09:30;2766.4;1106.3;3015.9;543.8;303.5;235.7;0;56.3;514.2;
03.07.2020 09:45;2757.6;1103.5;3015.9;543.8;301;235.5;0;56.1;542.5;
03.07.2020 10:00;2699.9;1086.8;3015.9;450.8;219.5;228.1;0;55;565.9;
03.07.2020 10:15;2641.4;1083.8;3015.9;449.4;217.3;222;0;57.1;634;
03.07.2020 10:30;2528.5;1084.3;3015.9;449.4;217.3;222.6;0;56.8;677.8;
03.07.2020 10:45;2469;1109.6;3012.8;449.4;103.9;222.1;0;56;740.9;
03.07.2020 11:00;2380.5;1098.2;3012.8;520.3;46.1;212.9;0;51.7;783.5;
03.07.2020 11:15;2381.3;1092.8;3012.8;521.9;0;212.8;0;55.7;774.2;
03.07.2020 11:30;2380.4;1093.4;3012.8;521.9;0;210.9;0;51.9;806.4;
03.07.2020 11:45;2354.9;1089.8;3009.6;518.6;0;210.7;0;49.7;842.3;
03.07.2020 12:00;2309.5;1089.3;3009.6;513.2;0;206.2;0;52.8;922.4;
03.07.2020 12:15;2316.2;1094.4;3009.6;513.5;0;210.3;0;48.7;952.1;
03.07.2020 12:30;2274.1;1085.5;3009.6;513.5;0;213.1;0;43.9;990.1;
03.07.2020 12:45;2223;1070.3;3007.2;507.2;0;212.6;0;41.7;982.2;
03.07.2020 13:00;2331.2;1095.5;3006.6;395.9;0;209.8;0;42.6;937.9;
03.07.2020 13:15;2291.8;1087.9;3004.5;395.2;0;211;0;44.4;909.1;
03.07.2020 13:30;2280.1;1083.9;3004.7;395.1;0;211.5;0;41.7;1016.5;
03.07.2020 13:45;2229.9;1068.5;3006.6;390.8;0;213.2;0;46.8;981.2;
03.07.2020 14:00;2254.1;1080.9;3006.6;357.8;0;211.1;0;52.9;973.4;
03.07.2020 14:15;2231;1086.9;3006.6;357.7;0;210;0;50.6;958.6;
03.07.2020 14:30;2199.3;1086.9;3006.6;357.7;0;210;0;47.9;990;
03.07.2020 14:45;2179.1;1086.9;3006.6;357.5;0;208.4;0;47.2;971.7;
03.07.2020 15:00;2139.4;1083.5;3005.4;327.1;0;205.8;0;47;947.2;
03.07.2020 15:15;2126.2;1082.3;3003;325.4;0;208.2;0;48.1;917.2;
03.07.2020 15:30;2132.2;1085.4;3003;323.7;0;205.5;0;45;873.7;
03.07.2020 15:45;2133.1;1084.5;3003;323.9;0;207.6;0;42.1;847.9;
03.07.2020 16:00;2090.6;991;3003;355.3;0;209.6;0;44.4;814.3;
03.07.2020 16:15;2082.1;990.3;3003;358.4;0;210.2;0;53;800.9;
03.07.2020 16:30;2065.1;990.8;3003;359;0;210.3;0;45.8;746.1;
03.07.2020 16:45;2064.9;991.8;3001.2;359;0;216.6;0;42.2;693.9;
03.07.2020 17:00;2105.6;1027.9;3002.8;359;96.9;219.1;0;41.6;653.1;
03.07.2020 17:15;2125.2;1027.1;3002.8;359;98.4;218.7;0;41.2;590.8;
03.07.2020 17:30;2116.2;1025.8;3004.6;359;98.4;219.3;0;40.2;521.5;
03.07.2020 17:45;2095.8;1020.7;3005.4;358.7;211.7;220;0;41;470.5;
03.07.2020 18:00;2095;1003.8;3005.7;429.4;183.2;226.3;0;39.9;393.6;
03.07.2020 18:15;2119.5;1011.4;3006.7;441.5;170.6;225.2;0;35.2;340.2;
03.07.2020 18:30;2157.1;1029;3006.7;445.5;170.6;226;0;33;267.2;
03.07.2020 18:45;2172.8;1033.2;3007.5;446.3;170.6;226.8;0;29.8;206.2;
03.07.2020 19:00;2201.4;1035.5;3009.8;427.4;188.5;234.6;0;27.8;153.7;
03.07.2020 19:15;2207.4;1035.5;3009.1;427.9;196.9;237.3;0;27.5;111.6;
03.07.2020 19:30;2204.3;1035.5;3006.6;427.9;191.8;240.6;0;23.3;81.4;
03.07.2020 19:45;2203.9;1034.3;3009.5;427.4;175;241.8;0;18.9;60.3;
03.07.2020 20:00;2197.7;1039.1;3009.5;367.7;1.7;243.5;0;18.4;45.1;
03.07.2020 20:15;2196.7;1039.7;3012.9;366.5;0;245.9;0;17.4;31.7;
03.07.2020 20:30;2189.8;1038.7;3013.1;366.5;0;246.7;0;17.4;19.5;
03.07.2020 20:45;2187.3;1038.1;3016;367.3;0;246.4;0;15.9;11;
03.07.2020 21:00;2179.6;1047.1;3016;429.4;0;231.9;0;14.7;6.4;
03.07.2020 21:15;2181.5;1047.5;3016;431.3;0;227.3;0;16;6.2;
03.07.2020 21:30;2172.7;1047.1;3013.7;431.3;0;225;0;15.8;6.2;
03.07.2020 21:45;2134.8;1034.1;3013.4;430;0;223.4;0;16.2;6.2;
03.07.2020 22:00;2138.9;1054;3012.7;421.8;0;207.1;0;17.3;2.9;
03.07.2020 22:15;2132.3;1055;3016.3;421.5;0;206.7;0;18.6;0;
03.07.2020 22:30;2089.4;1043.7;3016.3;421.5;0;207.2;0;18.8;0;
03.07.2020 22:45;1992.3;1016.8;3018.1;421.3;0;207.7;0;19.1;0;
03.07.2020 23:00;2115.2;996.3;3019;395.8;0;204.6;0;19;0;
03.07.2020 23:15;2058.6;985.5;3020.1;395.2;0;199.7;0;23.5;0;
03.07.2020 23:30;1931;972.6;3020.1;395.2;0;200.7;0;29.2;0;
03.07.2020 23:45;1830.8;949;3020.1;396.7;0;200.6;0;28.1;0;
